############2023-11-27############

Número de vehíclos utilizados: 13

[0, 8, 1, 34, 0, 26, 0, 37, 0, 30, 0] - t: 5.27 min
[0, 46, 0] - t: 0.76 min
[0, 22, 0, 42, 0, 19, 0] - t: 1.18 min
[0, 43, 0, 47, 0] - t: 2.64 min
[0, 31, 32] - t: 0.82 min
[0, 44, 0, 41, 0, 6, 0, 17, 0, 16, 0, 38, 0, 2, 0, 35, 0, 13, 0, 5, 0] - t: 7.25 min
[0, 7, 0, 20, 0] - t: 0.55 min
[0, 39, 10, 0, 27, 0] - t: 2.11 min
[0, 23, 11, 18, 25, 0] - t: 1.46 min
[0, 12, 48, 40, 3, 15, 0, 21, 0, 50, 0, 49, 0, 29, 0] - t: 5.43 min
[0, 9, 0, 36, 0, 14] - t: 2.89 min
[0, 45, 0] - t: 0.87 min
[0, 33, 24, 28, 4, 0] - t: 1.12 min

Tiempo total: 32.34 min