############2023-03-28############

Número de vehíclos utilizados: 10

[0, 12, 37, 77, 9, 57, 64, 63, 51, 26, 93, 86, 0] - t: 4.06 min
[0, 97, 60, 11, 10, 18, 20, 59, 88, 16, 91, 85, 75, 0] - t: 5.86 min
[0, 53, 50, 56, 87, 30, 23, 61, 5, 19, 31, 94, 54, 0] - t: 6.42 min
[0, 21, 32, 69, 45, 3, 27, 36, 68, 80, 90, 41, 0] - t: 4.99 min
[0, 43, 2, 4, 73, 98, 62, 40, 38, 47, 0] - t: 4.29 min
[0, 8, 25, 24, 79, 76, 81, 78, 49, 28, 17, 42, 46, 0] - t: 5.16 min
[0, 92, 34, 7, 35, 82, 67, 58, 44, 6, 89, 15, 96, 72, 71, 84, 65, 39, 48, 0] - t: 8.85 min
[0, 83, 29, 1, 22, 14, 13, 99, 95, 66, 52, 0] - t: 5.01 min
[0, 33, 55, 74, 100, 70, 0] - t: 2.52 min
[0] - t: 0.0 min

Tiempo total: 47.17 min