############2023-03-29############

Número de vehíclos utilizados: 10

[0, 26, 29, 63, 73, 35, 40, 54, 24, 36, 0] - t: 3.29 min
[0, 39, 32, 9, 19, 14, 69, 66, 94, 38, 27, 76, 70, 89, 0] - t: 6.09 min
[0, 3, 16, 71, 17, 33, 52, 97, 11, 41, 2, 10, 86, 47, 100, 0] - t: 7.9 min
[0, 21, 62, 56, 96, 49, 87, 84, 25, 80, 50, 0] - t: 4.87 min
[0, 28, 72, 77, 22, 67, 46, 48, 75, 4, 64, 12, 18, 0] - t: 5.16 min
[0, 42, 20, 30, 60, 78, 55, 51, 65, 44, 0] - t: 4.91 min
[0, 13, 31, 45, 68, 81, 34, 23, 5, 82, 99, 91, 37, 0] - t: 5.97 min
[0, 59, 90, 61, 98, 15, 0] - t: 2.91 min
[0, 7, 6, 92, 0] - t: 1.92 min
[0, 95, 88, 8, 58, 53, 85, 1, 79, 43, 83, 93, 57, 74, 0] - t: 6.18 min

Tiempo total: 49.2 min